{
 "cells": [
  {
   "cell_type": "code",
   "execution_count": 4,
   "id": "0dd1d1d5-f236-427a-8ef3-113044b22fdd",
   "metadata": {},
   "outputs": [],
   "source": [
    "from python_speech_features import mfcc\n",
    "import scipy.io.wavfile as wav\n",
    "import numpy as np\n",
    "from tempfile import TemporaryFile\n",
    "import os\n",
    "import pickle\n",
    "import random \n",
    "import operator\n",
    "import math\n",
    "import numpy as np"
   ]
  },
  {
   "cell_type": "code",
   "execution_count": 47,
   "id": "5b6ecc07-b030-4f3c-9540-08ceded70d63",
   "metadata": {},
   "outputs": [
    {
     "name": "stdout",
     "output_type": "stream",
     "text": [
      "(array([79.74555076, -9.41116287, -2.75000526, -6.85201072,  0.59908521,\n",
      "       -3.33208884, -1.03186625, -8.47634466, -2.5787606 , -2.08169715,\n",
      "       -7.06378024, -9.03033184, -1.96590923]), array([[ 4.80970180e+01, -3.99812802e+01, -2.22503780e+01,\n",
      "         3.89898661e+00, -1.56627517e+01, -5.13588919e+00,\n",
      "        -1.53325157e+01,  2.43685226e+01, -1.14075247e+01,\n",
      "        -9.15000888e+00,  4.17435226e+00,  9.89835542e-03,\n",
      "         4.69811786e+00],\n",
      "       [-3.99812802e+01,  8.35547925e+01, -5.56709435e+00,\n",
      "        -3.26896302e+01, -7.81825627e-01,  3.14449189e+00,\n",
      "         3.45335972e+01, -2.33547255e+01,  2.67487903e+01,\n",
      "         2.59303906e+01, -6.40225652e+00,  2.15359502e+00,\n",
      "        -4.62423276e+00],\n",
      "       [-2.22503780e+01, -5.56709435e+00,  8.58423484e+01,\n",
      "         1.42097793e+01,  1.09351989e+01,  1.68592187e+01,\n",
      "        -5.83994989e-01, -4.33602358e-01, -3.48823255e+00,\n",
      "        -1.99430607e+00,  1.96457842e+01, -3.21569768e+00,\n",
      "         2.81860492e+00],\n",
      "       [ 3.89898661e+00, -3.26896302e+01,  1.42097793e+01,\n",
      "         9.93285346e+01,  4.33928107e+01, -1.25388499e+01,\n",
      "        -2.71655114e+01,  2.38724178e+01, -3.07323625e-01,\n",
      "        -2.07153482e+01,  1.77307177e+01,  1.74833671e+01,\n",
      "         1.19314521e+01],\n",
      "       [-1.56627517e+01, -7.81825627e-01,  1.09351989e+01,\n",
      "         4.33928107e+01,  8.92381459e+01,  1.00074048e+00,\n",
      "        -6.71214924e+00,  4.66024452e+00,  2.01042276e+01,\n",
      "        -8.17561767e+00,  3.41391544e+00,  1.54399214e+01,\n",
      "         1.07615448e+01],\n",
      "       [-5.13588919e+00,  3.14449189e+00,  1.68592187e+01,\n",
      "        -1.25388499e+01,  1.00074048e+00,  1.28971420e+02,\n",
      "         3.37191963e+01,  5.15662436e+00,  2.00465793e-01,\n",
      "         1.27381463e+01,  2.64358517e+01, -2.37886051e+01,\n",
      "        -4.63475828e+00],\n",
      "       [-1.53325157e+01,  3.45335972e+01, -5.83994989e-01,\n",
      "        -2.71655114e+01, -6.71214924e+00,  3.37191963e+01,\n",
      "         1.36880950e+02,  1.70079706e+01,  2.47681246e+01,\n",
      "         4.86837462e+01,  5.83977252e+00,  1.74539094e+00,\n",
      "         1.58858340e+00],\n",
      "       [ 2.43685226e+01, -2.33547255e+01, -4.33602358e-01,\n",
      "         2.38724178e+01,  4.66024452e+00,  5.15662436e+00,\n",
      "         1.70079706e+01,  1.17262352e+02,  2.15650607e+01,\n",
      "        -7.10557150e+00,  2.29149832e+01,  1.63461489e+01,\n",
      "         1.90422663e+01],\n",
      "       [-1.14075247e+01,  2.67487903e+01, -3.48823255e+00,\n",
      "        -3.07323625e-01,  2.01042276e+01,  2.00465793e-01,\n",
      "         2.47681246e+01,  2.15650607e+01,  1.04862542e+02,\n",
      "         3.90669899e+01, -8.28908706e+00,  3.65589541e+00,\n",
      "         1.29117720e+01],\n",
      "       [-9.15000888e+00,  2.59303906e+01, -1.99430607e+00,\n",
      "        -2.07153482e+01, -8.17561767e+00,  1.27381463e+01,\n",
      "         4.86837462e+01, -7.10557150e+00,  3.90669899e+01,\n",
      "         9.81216349e+01,  1.40953307e+01, -9.33683463e+00,\n",
      "        -3.48946467e+00],\n",
      "       [ 4.17435226e+00, -6.40225652e+00,  1.96457842e+01,\n",
      "         1.77307177e+01,  3.41391544e+00,  2.64358517e+01,\n",
      "         5.83977252e+00,  2.29149832e+01, -8.28908706e+00,\n",
      "         1.40953307e+01,  8.07456063e+01,  1.59881827e+01,\n",
      "        -3.21441556e+00],\n",
      "       [ 9.89835542e-03,  2.15359502e+00, -3.21569768e+00,\n",
      "         1.74833671e+01,  1.54399214e+01, -2.37886051e+01,\n",
      "         1.74539094e+00,  1.63461489e+01,  3.65589541e+00,\n",
      "        -9.33683463e+00,  1.59881827e+01,  8.64940310e+01,\n",
      "         2.23109735e+01],\n",
      "       [ 4.69811786e+00, -4.62423276e+00,  2.81860492e+00,\n",
      "         1.19314521e+01,  1.07615448e+01, -4.63475828e+00,\n",
      "         1.58858340e+00,  1.90422663e+01,  1.29117720e+01,\n",
      "        -3.48946467e+00, -3.21441556e+00,  2.23109735e+01,\n",
      "         6.28652785e+01]]), 1)\n",
      "(array([ 80.50966402, -13.62600529, -12.48524774,  -7.35118103,\n",
      "        -6.98231185,   1.83943738,  -0.64359669,  -5.66412454,\n",
      "        -3.33505951,   0.15857068,  -2.46083499,  -5.10847194,\n",
      "         0.31621596]), array([[101.17997869,  -4.99215805,   9.05033796,   9.39318896,\n",
      "        -12.26176176,  20.22451026,   3.87074551,  23.89161149,\n",
      "         -8.20434112,  -0.72664085,  -3.09952295,   1.7023339 ,\n",
      "          1.73120333],\n",
      "       [ -4.99215805,  59.97525062, -37.9510002 , -33.06865096,\n",
      "        -28.7877067 , -30.94776385,  -6.09585952, -38.06463752,\n",
      "         27.87715529,  10.98491823,   2.62111576, -30.38055889,\n",
      "          5.47719456],\n",
      "       [  9.05033796, -37.9510002 ,  83.49625595,  41.92448829,\n",
      "         37.83149027,  42.61410597,  24.78691932,  46.49663504,\n",
      "        -12.79951382, -12.12207533,   5.90414986,  37.17078122,\n",
      "         -3.34540092],\n",
      "       [  9.39318896, -33.06865096,  41.92448829, 105.8905222 ,\n",
      "         42.97824188,  38.45247178,  18.79143516,  52.52499595,\n",
      "        -19.42672708, -10.56009825,   6.29987127,  43.81323194,\n",
      "         -8.57118239],\n",
      "       [-12.26176176, -28.7877067 ,  37.83149027,  42.97824188,\n",
      "         97.34819947,  47.08917945,  13.85803366,  49.6069735 ,\n",
      "        -15.19506457,  -3.6749579 ,   1.09327435,  38.68195627,\n",
      "        -11.39186813],\n",
      "       [ 20.22451026, -30.94776385,  42.61410597,  38.45247178,\n",
      "         47.08917945, 149.25502688,  50.40891838,  40.74737453,\n",
      "        -11.19875582,  -2.38780342,  -1.55626144,  18.67722778,\n",
      "         -4.1447077 ],\n",
      "       [  3.87074551,  -6.09585952,  24.78691932,  18.79143516,\n",
      "         13.85803366,  50.40891838, 103.22268259,  46.82800527,\n",
      "         18.02253366,  -2.38368815,  -1.98832624,   7.15907509,\n",
      "          4.29955846],\n",
      "       [ 23.89161149, -38.06463752,  46.49663504,  52.52499595,\n",
      "         49.6069735 ,  40.74737453,  46.82800527, 143.0543559 ,\n",
      "          8.80940489, -12.49811203,   0.80790404,  47.62169798,\n",
      "        -11.01677372],\n",
      "       [ -8.20434112,  27.87715529, -12.79951382, -19.42672708,\n",
      "        -15.19506457, -11.19875582,  18.02253366,   8.80940489,\n",
      "        133.96410275,  17.88151851,   2.54194694, -18.15970544,\n",
      "         14.1411929 ],\n",
      "       [ -0.72664085,  10.98491823, -12.12207533, -10.56009825,\n",
      "         -3.6749579 ,  -2.38780342,  -2.38368815, -12.49811203,\n",
      "         17.88151851,  80.16675543,  23.81718354,  -5.18519904,\n",
      "         -1.16967804],\n",
      "       [ -3.09952295,   2.62111576,   5.90414986,   6.29987127,\n",
      "          1.09327435,  -1.55626144,  -1.98832624,   0.80790404,\n",
      "          2.54194694,  23.81718354,  73.30699723,  24.44653124,\n",
      "         -5.2883942 ],\n",
      "       [  1.7023339 , -30.38055889,  37.17078122,  43.81323194,\n",
      "         38.68195627,  18.67722778,   7.15907509,  47.62169798,\n",
      "        -18.15970544,  -5.18519904,  24.44653124,  98.78653404,\n",
      "          7.24204059],\n",
      "       [  1.73120333,   5.47719456,  -3.34540092,  -8.57118239,\n",
      "        -11.39186813,  -4.1447077 ,   4.29955846, -11.01677372,\n",
      "         14.1411929 ,  -1.16967804,  -5.2883942 ,   7.24204059,\n",
      "         60.17944593]]), 1)\n",
      "(array([ 76.45017299, -20.92138721,   1.2670167 ,  -7.75558185,\n",
      "         2.49537646,  -8.80136604,  -3.70747798,  -5.90843399,\n",
      "         0.13382975,  -1.07372526,  -0.73025355,  -2.00239585,\n",
      "         1.11484804]), array([[ 63.62501014, -26.13196662, -19.40685521,  12.79053502,\n",
      "         -7.85886079,  18.26331026,  -2.71826463,  19.19000731,\n",
      "        -17.6331192 ,  -6.92490283,  -1.12161095,  -4.74628218,\n",
      "         -5.76690044],\n",
      "       [-26.13196662,  82.31625165, -13.83652104,  -5.29388714,\n",
      "         -0.51796613,  -5.96885397,  38.21688855,  -8.67958177,\n",
      "         32.9334164 ,  15.46453467,   7.14685791,  -3.16227023,\n",
      "          0.26664803],\n",
      "       [-19.40685521, -13.83652104, 126.60906127,  17.97789205,\n",
      "         57.25167165,   2.0174345 ,  -9.32029118,  17.00646209,\n",
      "          7.77110092,  18.23661768,   1.75877352,   3.06190572,\n",
      "         -7.25493949],\n",
      "       [ 12.79053502,  -5.29388714,  17.97789205, 161.94926541,\n",
      "         46.82679508,   2.00924847,   8.29953717,  54.86022247,\n",
      "          2.55333266,  -6.03999722,  10.8730006 ,   5.35961079,\n",
      "          4.135943  ],\n",
      "       [ -7.85886079,  -0.51796613,  57.25167165,  46.82679508,\n",
      "        121.27530182,  15.96347493,   3.04886018,  50.45396685,\n",
      "         24.18102629,  18.05912189,   7.66759488,  15.75964815,\n",
      "          8.75670605],\n",
      "       [ 18.26331026,  -5.96885397,   2.0174345 ,   2.00924847,\n",
      "         15.96347493, 194.81347129,  50.1460425 ,   7.13329749,\n",
      "         15.28379921,  23.17270974,   2.2854382 , -11.54353092,\n",
      "          9.75165788],\n",
      "       [ -2.71826463,  38.21688855,  -9.32029118,   8.29953717,\n",
      "          3.04886018,  50.1460425 , 134.79138696,  19.51973439,\n",
      "         26.39903906,  27.36440021,  24.24258169,  -3.75057436,\n",
      "        -10.41493058],\n",
      "       [ 19.19000731,  -8.67958177,  17.00646209,  54.86022247,\n",
      "         50.45396685,   7.13329749,  19.51973439, 162.75948213,\n",
      "         36.14632426,   2.98185233,  24.76358061,  17.12566996,\n",
      "         11.84585439],\n",
      "       [-17.6331192 ,  32.9334164 ,   7.77110092,   2.55333266,\n",
      "         24.18102629,  15.28379921,  26.39903906,  36.14632426,\n",
      "        172.40782113,  50.44964262,  -1.07790664,   1.07237957,\n",
      "          7.62009157],\n",
      "       [ -6.92490283,  15.46453467,  18.23661768,  -6.03999722,\n",
      "         18.05912189,  23.17270974,  27.36440021,   2.98185233,\n",
      "         50.44964262, 114.39299279,  28.38643424,   5.86660487,\n",
      "          1.58471531],\n",
      "       [ -1.12161095,   7.14685791,   1.75877352,  10.8730006 ,\n",
      "          7.66759488,   2.2854382 ,  24.24258169,  24.76358061,\n",
      "         -1.07790664,  28.38643424, 118.61890821,  35.96033503,\n",
      "          4.60074581],\n",
      "       [ -4.74628218,  -3.16227023,   3.06190572,   5.35961079,\n",
      "         15.75964815, -11.54353092,  -3.75057436,  17.12566996,\n",
      "          1.07237957,   5.86660487,  35.96033503,  92.0250425 ,\n",
      "         29.20170803],\n",
      "       [ -5.76690044,   0.26664803,  -7.25493949,   4.135943  ,\n",
      "          8.75670605,   9.75165788, -10.41493058,  11.84585439,\n",
      "          7.62009157,   1.58471531,   4.60074581,  29.20170803,\n",
      "         79.54844319]]), 1)\n",
      "(array([ 80.86668106,  -6.23126695,  -2.74483193, -17.21022213,\n",
      "        -6.31022312,  -4.41606428,  -1.55559406,  -9.55169899,\n",
      "        -5.28319435,   4.37623504,  -3.18447813,  -6.81079397,\n",
      "         1.0381085 ]), array([[ 42.38744519, -12.58746194, -26.21840309,  -9.24507585,\n",
      "         -2.56844014,  32.3461408 ,  11.41338555,  17.71634382,\n",
      "         24.92129429,   6.45518764,  -1.08593446,  -6.78117626,\n",
      "         -3.35174486],\n",
      "       [-12.58746194,  68.24861315, -33.64173653,  -7.37452388,\n",
      "          9.03125866,   0.47608469,  47.1061891 ,   0.84680548,\n",
      "          6.31288507,  32.23192222,   9.64095371,  16.78523315,\n",
      "          5.82607409],\n",
      "       [-26.21840309, -33.64173653, 118.81204113,  19.20230285,\n",
      "         23.06887601, -22.35456134, -47.42767993,  16.80305655,\n",
      "        -21.26433648, -25.49731249,  15.74085462,   4.98425471,\n",
      "          3.73751701],\n",
      "       [ -9.24507585,  -7.37452388,  19.20230285,  97.74278521,\n",
      "         53.94962219, -15.14533178, -39.72940331,  23.04409692,\n",
      "          7.15375805, -11.52149047,   6.83238264,  21.81745179,\n",
      "          2.79323287],\n",
      "       [ -2.56844014,   9.03125866,  23.06887601,  53.94962219,\n",
      "        138.3572045 ,  -2.99256082, -35.23631813,  53.58887826,\n",
      "         12.65588619,  -9.3452489 ,   4.40255388,  15.65352057,\n",
      "         16.78293034],\n",
      "       [ 32.3461408 ,   0.47608469, -22.35456134, -15.14533178,\n",
      "         -2.99256082, 156.57895202,  71.5152751 ,  -2.0678299 ,\n",
      "         15.69338431,   3.53320335,  12.87283004, -10.07875859,\n",
      "        -25.65440124],\n",
      "       [ 11.41338555,  47.1061891 , -47.42767993, -39.72940331,\n",
      "        -35.23631813,  71.5152751 , 173.05883989,  -9.20384169,\n",
      "          4.60614338,  35.93253566,  10.50635528,   2.96502192,\n",
      "        -11.34415855],\n",
      "       [ 17.71634382,   0.84680548,  16.80305655,  23.04409692,\n",
      "         53.58887826,  -2.0678299 ,  -9.20384169, 125.72049339,\n",
      "         34.90114645,  -3.47020437,   8.1947924 ,   9.53950435,\n",
      "         12.08650906],\n",
      "       [ 24.92129429,   6.31288507, -21.26433648,   7.15375805,\n",
      "         12.65588619,  15.69338431,   4.60614338,  34.90114645,\n",
      "        125.47279048,  34.17816714, -16.77468841,  -6.02574891,\n",
      "          1.39075057],\n",
      "       [  6.45518764,  32.23192222, -25.49731249, -11.52149047,\n",
      "         -9.3452489 ,   3.53320335,  35.93253566,  -3.47020437,\n",
      "         34.17816714, 118.54649322,  24.02611053, -11.14367507,\n",
      "         -2.86040456],\n",
      "       [ -1.08593446,   9.64095371,  15.74085462,   6.83238264,\n",
      "          4.40255388,  12.87283004,  10.50635528,   8.1947924 ,\n",
      "        -16.77468841,  24.02611053,  87.01254161,  25.71490371,\n",
      "         -3.59325189],\n",
      "       [ -6.78117626,  16.78523315,   4.98425471,  21.81745179,\n",
      "         15.65352057, -10.07875859,   2.96502192,   9.53950435,\n",
      "         -6.02574891, -11.14367507,  25.71490371, 101.46270388,\n",
      "         32.97001287],\n",
      "       [ -3.35174486,   5.82607409,   3.73751701,   2.79323287,\n",
      "         16.78293034, -25.65440124, -11.34415855,  12.08650906,\n",
      "          1.39075057,  -2.86040456,  -3.59325189,  32.97001287,\n",
      "         93.72330041]]), 1)\n",
      "(array([ 85.84004811, -13.98977956, -10.19093635, -14.86320145,\n",
      "        -6.9506061 ,  -7.820091  ,  -4.50464051,  -2.6220752 ,\n",
      "        -0.77002703,  -0.47155901,  -1.11422114,  -1.21112684,\n",
      "         2.32308376]), array([[ 35.78031447, -18.19687078,  -0.19829669,   7.19852984,\n",
      "          2.4304019 ,  11.08341896,  -2.14141661,  21.12795045,\n",
      "          4.54859245,  -5.11534701,  -1.36318652,  -1.81786173,\n",
      "         -1.38061838],\n",
      "       [-18.19687078,  46.73349412,  -6.97787351,  -8.77288106,\n",
      "          6.61743745,  13.3129288 ,  20.28598758,  -6.28275375,\n",
      "         19.6782112 ,  27.49080479,   2.80599998,  -3.36553111,\n",
      "         -0.22321116],\n",
      "       [ -0.19829669,  -6.97787351,  61.64811745,  24.73666385,\n",
      "         27.40922429,   1.13227435,   1.10229325,  11.29207112,\n",
      "         -0.47018795,  -5.76026702,  25.72875941,  24.94395854,\n",
      "          4.69647601],\n",
      "       [  7.19852984,  -8.77288106,  24.73666385,  90.39734448,\n",
      "         28.49601476, -11.33305749,  -7.33684862,  30.28279368,\n",
      "         -4.7368637 , -20.2109384 ,  25.60824631,  33.25329167,\n",
      "          8.68046413],\n",
      "       [  2.4304019 ,   6.61743745,  27.40922429,  28.49601476,\n",
      "         65.58728881,  14.68444001,   8.46178543,  23.25942265,\n",
      "         13.82021362,   2.97271018,  14.32882274,  18.61512853,\n",
      "          4.6364384 ],\n",
      "       [ 11.08341896,  13.3129288 ,   1.13227435, -11.33305749,\n",
      "         14.68444001, 128.36437121,  55.818946  ,   5.49863639,\n",
      "         30.13397425,  30.08541644,  -1.04034468, -18.46137097,\n",
      "          5.86562087],\n",
      "       [ -2.14141661,  20.28598758,   1.10229325,  -7.33684862,\n",
      "          8.46178543,  55.818946  ,  89.22034654,  23.61066854,\n",
      "         14.46797697,  18.00551664,   2.36299787,  -7.79307341,\n",
      "         -0.21064949],\n",
      "       [ 21.12795045,  -6.28275375,  11.29207112,  30.28279368,\n",
      "         23.25942265,   5.49863639,  23.61066854,  99.35572202,\n",
      "         20.74020068, -14.58953483,  13.54876115,  14.15422477,\n",
      "          3.19083525],\n",
      "       [  4.54859245,  19.6782112 ,  -0.47018795,  -4.7368637 ,\n",
      "         13.82021362,  30.13397425,  14.46797697,  20.74020068,\n",
      "        116.55440062,  51.80735842,  -8.68706591,  -8.91571531,\n",
      "          4.33711246],\n",
      "       [ -5.11534701,  27.49080479,  -5.76026702, -20.2109384 ,\n",
      "          2.97271018,  30.08541644,  18.00551664, -14.58953483,\n",
      "         51.80735842,  99.2444045 ,  15.9890201 , -17.04336026,\n",
      "         -3.8339319 ],\n",
      "       [ -1.36318652,   2.80599998,  25.72875941,  25.60824631,\n",
      "         14.32882274,  -1.04034468,   2.36299787,  13.54876115,\n",
      "         -8.68706591,  15.9890201 ,  85.39167498,  43.91169992,\n",
      "         -3.52749525],\n",
      "       [ -1.81786173,  -3.36553111,  24.94395854,  33.25329167,\n",
      "         18.61512853, -18.46137097,  -7.79307341,  14.15422477,\n",
      "         -8.91571531, -17.04336026,  43.91169992,  85.27382467,\n",
      "         25.7400379 ],\n",
      "       [ -1.38061838,  -0.22321116,   4.69647601,   8.68046413,\n",
      "          4.6364384 ,   5.86562087,  -0.21064949,   3.19083525,\n",
      "          4.33711246,  -3.8339319 ,  -3.52749525,  25.7400379 ,\n",
      "         61.57907819]]), 1)\n",
      "(array([ 83.71370948, -16.02291437,  -3.87991715,  -8.62247479,\n",
      "        -1.73849369,  -3.38801292,   4.35052318,  -1.41003611,\n",
      "         2.93417781,   3.61016474,  -2.34047501,  -4.46375345,\n",
      "         0.65215618]), array([[ 45.0990124 ,  -5.35665926, -19.71078135, -18.33990393,\n",
      "        -15.50694118,   7.25357341,  -2.05004466,  -7.35050916,\n",
      "         -8.43456785,   1.91046957,  -7.08904435, -10.92450816,\n",
      "         -5.58295104],\n",
      "       [ -5.35665926,  55.35008168, -20.07249927, -17.66192059,\n",
      "         -1.97725583,  -8.9134709 ,  25.1946969 , -12.70000081,\n",
      "         15.11520414,  25.63689206,   0.36420703,   2.43905913,\n",
      "         -3.13897175],\n",
      "       [-19.71078135, -20.07249927,  96.72863793,  41.6121312 ,\n",
      "         37.30235224,   7.59480977,   4.60991416,  28.67331412,\n",
      "          6.41605205, -13.20052643,  12.88600622,   7.16396287,\n",
      "          5.5615733 ],\n",
      "       [-18.33990393, -17.66192059,  41.6121312 , 137.11092424,\n",
      "         59.48070911,   2.4552456 , -18.72496642,  42.4629986 ,\n",
      "         16.38936837, -26.64344349,  19.15610644,  37.83067716,\n",
      "         10.73656579],\n",
      "       [-15.50694118,  -1.97725583,  37.30235224,  59.48070911,\n",
      "        106.31457938,  10.4703839 ,   2.63715647,  31.28625639,\n",
      "         22.10028601, -11.01440014,   6.9069286 ,  19.9189406 ,\n",
      "         15.8566926 ],\n",
      "       [  7.25357341,  -8.9134709 ,   7.59480977,   2.4552456 ,\n",
      "         10.4703839 , 169.64251302,  53.55112552,  11.87497973,\n",
      "        -11.57664026,  13.39847935,  14.33256371, -11.48359469,\n",
      "        -14.10542187],\n",
      "       [ -2.05004466,  25.1946969 ,   4.60991416, -18.72496642,\n",
      "          2.63715647,  53.55112552, 127.49420114,  31.64639957,\n",
      "         20.12677623,  37.93876283,  10.53596192,   1.06669264,\n",
      "        -13.90843644],\n",
      "       [ -7.35050916, -12.70000081,  28.67331412,  42.4629986 ,\n",
      "         31.28625639,  11.87497973,  31.64639957, 114.66166938,\n",
      "         39.80794065,  -1.26344233,  12.92891174,  19.33597913,\n",
      "          0.5250048 ],\n",
      "       [ -8.43456785,  15.11520414,   6.41605205,  16.38936837,\n",
      "         22.10028601, -11.57664026,  20.12677623,  39.80794065,\n",
      "        105.96902781,  54.16882967,   5.97260673,   3.37621633,\n",
      "          8.88569938],\n",
      "       [  1.91046957,  25.63689206, -13.20052643, -26.64344349,\n",
      "        -11.01440014,  13.39847935,  37.93876283,  -1.26344233,\n",
      "         54.16882967, 119.54455674,  24.38282869, -11.01525091,\n",
      "        -11.09862629],\n",
      "       [ -7.08904435,   0.36420703,  12.88600622,  19.15610644,\n",
      "          6.9069286 ,  14.33256371,  10.53596192,  12.92891174,\n",
      "          5.97260673,  24.38282869,  67.5719052 ,  22.22162633,\n",
      "         -1.96122294],\n",
      "       [-10.92450816,   2.43905913,   7.16396287,  37.83067716,\n",
      "         19.9189406 , -11.48359469,   1.06669264,  19.33597913,\n",
      "          3.37621633, -11.01525091,  22.22162633,  77.09793535,\n",
      "         25.99976264],\n",
      "       [ -5.58295104,  -3.13897175,   5.5615733 ,  10.73656579,\n",
      "         15.8566926 , -14.10542187, -13.90843644,   0.5250048 ,\n",
      "          8.88569938, -11.09862629,  -1.96122294,  25.99976264,\n",
      "         70.00147621]]), 1)\n",
      "(array([ 83.20959039, -15.60111444,   5.38034294,  -9.10923605,\n",
      "         1.19198019,  -3.82235511,   1.86953065,  -1.73506225,\n",
      "        -2.04482646,   4.65700243,  -5.61004577,  -4.37145192,\n",
      "         1.57042911]), array([[ 25.5648587 , -11.21513911, -12.40268275,  -5.00802933,\n",
      "         -2.28931024,   6.37760099,  -0.61477971,   3.07461866,\n",
      "          6.71570325,   8.31607283,   1.95729495,  -4.16306012,\n",
      "         -1.1229379 ],\n",
      "       [-11.21513911,  48.61392064, -19.79687178, -23.04653838,\n",
      "         -0.85696401,   1.52186978,  21.72160689,  -2.25658849,\n",
      "          4.41282586,  20.15422587,   2.04304499,  -2.09644092,\n",
      "          1.76077781],\n",
      "       [-12.40268275, -19.79687178,  96.08142233,  36.10453241,\n",
      "         -5.26949786,  11.96280777, -16.75489294,  12.79919108,\n",
      "        -15.34780095, -19.16095548,  18.14549759,  18.54064246,\n",
      "         -8.22629241],\n",
      "       [ -5.00802933, -23.04653838,  36.10453241, 111.90365817,\n",
      "         27.0555551 , -20.55056766, -40.27507321,  23.61260399,\n",
      "          8.98789631, -28.84685102,  -2.51304609,  30.51557008,\n",
      "         -2.29441112],\n",
      "       [ -2.28931024,  -0.85696401,  -5.26949786,  27.0555551 ,\n",
      "         82.6725662 ,   3.10472181,  -3.36240745,   3.45446472,\n",
      "         24.2235874 ,  -1.59535158, -11.22434469,  10.25890473,\n",
      "         14.84269323],\n",
      "       [  6.37760099,   1.52186978,  11.96280777, -20.55056766,\n",
      "          3.10472181, 142.80466505,  57.08032613,  -0.3147669 ,\n",
      "         -4.4935566 ,  17.03329827,  19.71459055, -14.129347  ,\n",
      "          3.40459545],\n",
      "       [ -0.61477971,  21.72160689, -16.75489294, -40.27507321,\n",
      "         -3.36240745,  57.08032613, 147.98957309,  20.74251672,\n",
      "         -1.65441215,  27.17439825,  14.91100789,  -7.46290376,\n",
      "          3.22930688],\n",
      "       [  3.07461866,  -2.25658849,  12.79919108,  23.61260399,\n",
      "          3.45446472,  -0.3147669 ,  20.74251672, 110.75304469,\n",
      "         48.69166668,  -7.71329476,  -5.25472147,  15.57592659,\n",
      "          8.80109937],\n",
      "       [  6.71570325,   4.41282586, -15.34780095,   8.98789631,\n",
      "         24.2235874 ,  -4.4935566 ,  -1.65441215,  48.69166668,\n",
      "        107.12313247,  38.20958016, -22.58007964,  -5.49045019,\n",
      "         15.27404128],\n",
      "       [  8.31607283,  20.15422587, -19.16095548, -28.84685102,\n",
      "         -1.59535158,  17.03329827,  27.17439825,  -7.71329476,\n",
      "         38.20958016, 130.99485418,  36.01452452, -29.90230961,\n",
      "        -19.96701411],\n",
      "       [  1.95729495,   2.04304499,  18.14549759,  -2.51304609,\n",
      "        -11.22434469,  19.71459055,  14.91100789,  -5.25472147,\n",
      "        -22.58007964,  36.01452452,  92.80794808,  20.45286032,\n",
      "        -20.79302793],\n",
      "       [ -4.16306012,  -2.09644092,  18.54064246,  30.51557008,\n",
      "         10.25890473, -14.129347  ,  -7.46290376,  15.57592659,\n",
      "         -5.49045019, -29.90230961,  20.45286032,  88.37459948,\n",
      "         30.00395257],\n",
      "       [ -1.1229379 ,   1.76077781,  -8.22629241,  -2.29441112,\n",
      "         14.84269323,   3.40459545,   3.22930688,   8.80109937,\n",
      "         15.27404128, -19.96701411, -20.79302793,  30.00395257,\n",
      "         74.62295135]]), 1)\n",
      "(array([ 85.48370389, -13.92481924,  -7.39751597,  -9.42392091,\n",
      "        -7.07016268,  -6.80913225,  -1.5344666 , -10.67124893,\n",
      "        -5.66953585,  -1.5767191 ,  -7.64273728,  -2.3230292 ,\n",
      "         1.19823784]), array([[ 3.39548293e+01, -2.25021210e+01, -3.91656698e+00,\n",
      "         9.55725150e+00, -3.39915245e+00,  1.77603954e+01,\n",
      "        -8.43552355e+00,  2.30304960e+01,  1.89552497e+00,\n",
      "         1.90401694e+00,  2.00336597e+01, -6.03447524e+00,\n",
      "        -7.63949179e+00],\n",
      "       [-2.25021210e+01,  7.38986071e+01, -2.55867239e+01,\n",
      "        -1.46899357e+00, -4.82050487e+00,  2.39725554e+00,\n",
      "         4.75854133e+01, -2.05143064e+01,  1.10021332e+01,\n",
      "         1.84233911e+01, -2.93239771e+01,  4.36199814e+00,\n",
      "         8.38123672e+00],\n",
      "       [-3.91656698e+00, -2.55867239e+01,  1.06073028e+02,\n",
      "         1.02498439e+01,  5.21802950e+01, -2.33487163e+01,\n",
      "        -3.63543158e+01,  1.34927360e+01, -1.25471683e+01,\n",
      "        -1.77090028e+01,  1.55070172e+01,  5.21041062e+00,\n",
      "        -6.66694400e+00],\n",
      "       [ 9.55725150e+00, -1.46899357e+00,  1.02498439e+01,\n",
      "         9.74693915e+01,  1.81978944e+01, -2.54143767e+01,\n",
      "        -1.50161373e+01,  1.43386738e+01,  7.84129136e+00,\n",
      "        -3.16100538e+00,  1.28185678e+01,  1.27683684e+00,\n",
      "        -1.57962333e+01],\n",
      "       [-3.39915245e+00, -4.82050487e+00,  5.21802950e+01,\n",
      "         1.81978944e+01,  9.74059521e+01,  1.52606273e+01,\n",
      "         1.22427134e+00,  1.29355833e+01,  7.04225392e+00,\n",
      "         2.95866765e+00,  2.11158469e+01,  8.20560452e+00,\n",
      "         3.07546604e+00],\n",
      "       [ 1.77603954e+01,  2.39725554e+00, -2.33487163e+01,\n",
      "        -2.54143767e+01,  1.52606273e+01,  2.05248136e+02,\n",
      "         8.31779130e+01,  2.28374660e+01,  2.06239027e+01,\n",
      "         4.13057144e+01,  5.49942861e+00, -2.24141563e+01,\n",
      "         1.83186123e+01],\n",
      "       [-8.43552355e+00,  4.75854133e+01, -3.63543158e+01,\n",
      "        -1.50161373e+01,  1.22427134e+00,  8.31779130e+01,\n",
      "         1.67290207e+02,  1.73884654e+01,  4.03980043e+01,\n",
      "         5.93009072e+01, -2.02473162e+01, -6.62004665e+00,\n",
      "         1.62893170e+01],\n",
      "       [ 2.30304960e+01, -2.05143064e+01,  1.34927360e+01,\n",
      "         1.43386738e+01,  1.29355833e+01,  2.28374660e+01,\n",
      "         1.73884654e+01,  1.10472703e+02,  2.51851306e+01,\n",
      "         8.49000241e+00,  2.53589894e+01,  9.66905984e-01,\n",
      "         8.24964245e+00],\n",
      "       [ 1.89552497e+00,  1.10021332e+01, -1.25471683e+01,\n",
      "         7.84129136e+00,  7.04225392e+00,  2.06239027e+01,\n",
      "         4.03980043e+01,  2.51851306e+01,  1.06821420e+02,\n",
      "         5.16961948e+01, -5.93293208e+00,  5.04835407e-01,\n",
      "         1.20294407e+01],\n",
      "       [ 1.90401694e+00,  1.84233911e+01, -1.77090028e+01,\n",
      "        -3.16100538e+00,  2.95866765e+00,  4.13057144e+01,\n",
      "         5.93009072e+01,  8.49000241e+00,  5.16961948e+01,\n",
      "         1.11766053e+02,  1.59026078e+01, -3.16265938e+00,\n",
      "         8.22439467e+00],\n",
      "       [ 2.00336597e+01, -2.93239771e+01,  1.55070172e+01,\n",
      "         1.28185678e+01,  2.11158469e+01,  5.49942861e+00,\n",
      "        -2.02473162e+01,  2.53589894e+01, -5.93293208e+00,\n",
      "         1.59026078e+01,  1.02255212e+02,  2.17800474e+01,\n",
      "         2.33265226e-02],\n",
      "       [-6.03447524e+00,  4.36199814e+00,  5.21041062e+00,\n",
      "         1.27683684e+00,  8.20560452e+00, -2.24141563e+01,\n",
      "        -6.62004665e+00,  9.66905984e-01,  5.04835407e-01,\n",
      "        -3.16265938e+00,  2.17800474e+01,  8.16536420e+01,\n",
      "         3.27565058e+01],\n",
      "       [-7.63949179e+00,  8.38123672e+00, -6.66694400e+00,\n",
      "        -1.57962333e+01,  3.07546604e+00,  1.83186123e+01,\n",
      "         1.62893170e+01,  8.24964245e+00,  1.20294407e+01,\n",
      "         8.22439467e+00,  2.33265226e-02,  3.27565058e+01,\n",
      "         7.55165883e+01]]), 1)\n",
      "(array([ 77.68085573,  -9.405708  ,  12.14035296,  -7.55235408,\n",
      "        -3.68998451,  -9.4532223 ,  -2.0432681 ,  -9.5788715 ,\n",
      "       -11.74730011,  -4.19037445,  -8.03590766,  -7.10381871,\n",
      "        -2.79762832]), array([[ 58.00453023, -27.11316362,   4.64922034,  -2.28172847,\n",
      "        -12.50169848,  -0.88554433,  15.43782204,   7.04271507,\n",
      "         10.04518405,  16.43058644,  11.95378229,  -2.90443443,\n",
      "        -10.18490539],\n",
      "       [-27.11316362, 114.62244396, -42.57188498, -32.51906677,\n",
      "         -4.6165967 , -32.53909965,  32.10524246, -17.08105026,\n",
      "        -11.7900939 ,  18.72900253, -17.47759969,  -3.70784412,\n",
      "          3.94178486],\n",
      "       [  4.64922034, -42.57188498, 115.01878539,   9.85556731,\n",
      "         16.15467189,  35.92788894, -16.82022811,  31.27555352,\n",
      "         -9.65034038, -36.81311067,  33.55639694,  19.73738255,\n",
      "          5.78202906],\n",
      "       [ -2.28172847, -32.51906677,   9.85556731, 108.59945161,\n",
      "         34.40004071,   2.80486628, -21.16962331,  10.8340085 ,\n",
      "          1.77725329, -31.60947055,  -2.65657049,  20.11048089,\n",
      "         -1.7321344 ],\n",
      "       [-12.50169848,  -4.6165967 ,  16.15467189,  34.40004071,\n",
      "         89.25831013,   4.30702207, -22.14466433,   7.99000101,\n",
      "         -0.34095003, -37.31541477,  -0.56015243,  17.61013879,\n",
      "         12.83000315],\n",
      "       [ -0.88554433, -32.53909965,  35.92788894,   2.80486628,\n",
      "          4.30702207, 171.02893029,  -5.22771389,  19.36101585,\n",
      "         -3.20384962, -30.14611152,  31.08213626,  -0.44635588,\n",
      "         -8.65424232],\n",
      "       [ 15.43782204,  32.10524246, -16.82022811, -21.16962331,\n",
      "        -22.14466433,  -5.22771389, 139.27620859,  12.83654188,\n",
      "         21.40849595,  56.63074228,  -7.96911225,  -9.46146997,\n",
      "         -1.6807056 ],\n",
      "       [  7.04271507, -17.08105026,  31.27555352,  10.8340085 ,\n",
      "          7.99000101,  19.36101585,  12.83654188, 111.59751061,\n",
      "         21.88011798, -22.64704978,  15.91650152,  20.31820044,\n",
      "         13.47420617],\n",
      "       [ 10.04518405, -11.7900939 ,  -9.65034038,   1.77725329,\n",
      "         -0.34095003,  -3.20384962,  21.40849595,  21.88011798,\n",
      "        169.43668412,  35.86526498, -40.92376157, -13.78450335,\n",
      "         -6.58389088],\n",
      "       [ 16.43058644,  18.72900253, -36.81311067, -31.60947055,\n",
      "        -37.31541477, -30.14611152,  56.63074228, -22.64704978,\n",
      "         35.86526498, 166.48312527,  -6.21407716, -43.6996791 ,\n",
      "        -15.15424087],\n",
      "       [ 11.95378229, -17.47759969,  33.55639694,  -2.65657049,\n",
      "         -0.56015243,  31.08213626,  -7.96911225,  15.91650152,\n",
      "        -40.92376157,  -6.21407716, 111.57989172,  27.66264924,\n",
      "         -6.62968585],\n",
      "       [ -2.90443443,  -3.70784412,  19.73738255,  20.11048089,\n",
      "         17.61013879,  -0.44635588,  -9.46146997,  20.31820044,\n",
      "        -13.78450335, -43.6996791 ,  27.66264924, 108.66527174,\n",
      "         21.36377851],\n",
      "       [-10.18490539,   3.94178486,   5.78202906,  -1.7321344 ,\n",
      "         12.83000315,  -8.65424232,  -1.6807056 ,  13.47420617,\n",
      "         -6.58389088, -15.15424087,  -6.62968585,  21.36377851,\n",
      "         78.26422697]]), 1)\n",
      "(array([ 85.77730482, -14.52844415,  -9.97129236, -14.70425341,\n",
      "        -6.66847365,  -7.69127323,  -4.55926347,  -2.59133705,\n",
      "        -1.09382718,  -0.17102554,  -1.1381094 ,  -1.15202975,\n",
      "         2.09488539]), array([[ 35.70115782, -18.46264459,  -1.22666185,   7.04417262,\n",
      "          1.7844087 ,  10.37320279,  -1.12728633,  20.97496153,\n",
      "          5.06493417,  -5.13578944,  -2.89569177,  -1.87271779,\n",
      "         -1.17627123],\n",
      "       [-18.46264459,  46.07065275,  -5.27022321,  -7.69365561,\n",
      "          5.62819485,  12.82224254,  19.08289187,  -6.43306723,\n",
      "         20.03685906,  25.83650469,   4.36175102,  -2.11420688,\n",
      "         -1.32908079],\n",
      "       [ -1.22666185,  -5.27022321,  59.60676205,  22.50213946,\n",
      "         27.43577338,  -2.80102898,   1.3000905 ,  12.33492693,\n",
      "         -1.51431658,  -5.82713688,  22.75834784,  23.60248172,\n",
      "          5.32123452],\n",
      "       [  7.04417262,  -7.69365561,  22.50213946,  90.48655694,\n",
      "         27.8974673 , -11.66864918,  -6.68136164,  30.87240008,\n",
      "         -1.14661933, -20.96916026,  22.73543008,  32.28178237,\n",
      "          8.66877015],\n",
      "       [  1.7844087 ,   5.62819485,  27.43577338,  27.8974673 ,\n",
      "         68.04669014,  14.24269124,   7.83126174,  25.82306641,\n",
      "         12.5603872 ,   1.7120356 ,  13.1925845 ,  17.84267517,\n",
      "          4.57197066],\n",
      "       [ 10.37320279,  12.82224254,  -2.80102898, -11.66864918,\n",
      "         14.24269124, 123.70821802,  55.77164084,   4.03349662,\n",
      "         28.54004099,  27.52307139,  -1.74951738, -17.89812102,\n",
      "          4.58217882],\n",
      "       [ -1.12728633,  19.08289187,   1.3000905 ,  -6.68136164,\n",
      "          7.83126174,  55.77164084,  88.65067223,  25.59621329,\n",
      "         13.34468167,  16.34328377,   4.10246584,  -8.26458159,\n",
      "         -2.24172112],\n",
      "       [ 20.97496153,  -6.43306723,  12.33492693,  30.87240008,\n",
      "         25.82306641,   4.03349662,  25.59621329, 101.36917645,\n",
      "         23.67961047, -13.73972632,  11.57643225,  14.46910495,\n",
      "          2.84868259],\n",
      "       [  5.06493417,  20.03685906,  -1.51431658,  -1.14661933,\n",
      "         12.5603872 ,  28.54004099,  13.34468167,  23.67961047,\n",
      "        118.09298984,  53.05094277,  -9.59686232, -10.1705206 ,\n",
      "          3.2220752 ],\n",
      "       [ -5.13578944,  25.83650469,  -5.82713688, -20.96916026,\n",
      "          1.7120356 ,  27.52307139,  16.34328377, -13.73972632,\n",
      "         53.05094277,  97.47496858,  16.78488115, -17.55410059,\n",
      "         -4.24808826],\n",
      "       [ -2.89569177,   4.36175102,  22.75834784,  22.73543008,\n",
      "         13.1925845 ,  -1.74951738,   4.10246584,  11.57643225,\n",
      "         -9.59686232,  16.78488115,  84.32938693,  43.16223219,\n",
      "         -2.73900888],\n",
      "       [ -1.87271779,  -2.11420688,  23.60248172,  32.28178237,\n",
      "         17.84267517, -17.89812102,  -8.26458159,  14.46910495,\n",
      "        -10.1705206 , -17.55410059,  43.16223219,  87.97353266,\n",
      "         28.14367808],\n",
      "       [ -1.17627123,  -1.32908079,   5.32123452,   8.66877015,\n",
      "          4.57197066,   4.58217882,  -2.24172112,   2.84868259,\n",
      "          3.2220752 ,  -4.24808826,  -2.73900888,  28.14367808,\n",
      "         62.4984929 ]]), 1)\n",
      "(array([ 83.92472156, -18.3095691 ,  -5.49456544,  -0.10876595,\n",
      "        -5.0840343 , -10.73169148,  -7.79794525,  -1.37727017,\n",
      "         0.36812373,  -0.93107349, -10.29262587,  -4.79987368,\n",
      "         0.62030172]), array([[ 27.8152144 ,  -1.41371299, -18.23736697,  -8.19376931,\n",
      "          1.2615395 , -10.61242388,  15.71773674,   5.18757451,\n",
      "          6.15690048,  -2.23158794,  -3.07444583,  -3.25576679,\n",
      "          4.79181804],\n",
      "       [ -1.41371299,  29.10878837, -16.35928922,   5.89920594,\n",
      "         -5.35675106,   3.07547514,   3.31870703,   1.25134236,\n",
      "          5.43367011,   4.54712191,   0.30161246,  -6.5141676 ,\n",
      "         -2.33308595],\n",
      "       [-18.23736697, -16.35928922,  91.19103162,  20.99801125,\n",
      "         26.85916509,  22.95007783,  -9.9218805 ,   5.86300407,\n",
      "         -3.54009614,   6.74306764,  13.02373207,  18.00559299,\n",
      "        -13.62548363],\n",
      "       [ -8.19376931,   5.89920594,  20.99801125,  97.12598504,\n",
      "         13.29175789, -15.07948122, -17.594753  ,   1.63391374,\n",
      "         17.15134134, -14.73577601, -19.7123366 ,   5.94602838,\n",
      "         24.74373114],\n",
      "       [  1.2615395 ,  -5.35675106,  26.85916509,  13.29175789,\n",
      "         88.01131518,  17.05521749,   0.50769864,   3.78848782,\n",
      "         -7.23143114,  -2.69328714,  13.92021916,  23.12084762,\n",
      "         -6.19689684],\n",
      "       [-10.61242388,   3.07547514,  22.95007783, -15.07948122,\n",
